930 373333309.

Fabularum synopsis haee est:

611111116611111611111

1116111 11161 6211361136113
2116 16133 131131 - 111
16 16 113162 21132 1116
26 26133131,

11111131 21131 - 177

261 12 22 23 136 13311
216161 661231661311
2216116116311616

26 162 33 11111Ι

170
171
179
1761173

781176
79,’ 170
01177
811178

53196 ·- 133 142,182 179

61 31'97 1631116 1

166 63 1661111 111

¹ 3 66 6111221166 1121
16116611611131

6 63 6311611 111 111 1311161

6162 61 109¹ 1621116 ,116 1331-5

7 66 12 16311161116’,13131361

43 183 183

1,34 181
45 1'33 182
46 136 183

3 61 63 1611111 1111661166 A33

' 111 62 61 1’661 Ι112 Ι1313

61’12’1 '13¹7

12 -1661113-1121””-’ ¹199 —
131 61 66 107 111 166 1621 ,1231-
14 66 86110811161611631194188

16166 67109,

17 07 631161111113

22163 661111131 1661
62 1311121112 16’Ξ”- ·1

11ss 1152 15411190 189
156 193 190
97 191
98 199

21 16 1111131126 1661611 1221123
261 11 16 111 1211161 166 26611126
26 12 16 116 122 163 - 901 193
ε 93 73 77 113 193 ,,-162 611262 121
26 11 13,1111121’11161161,261,126
‚ 311 161 1611131126 101¹ 139¹. 2611 122
· 161361121126162163·,266’266

’3’1” 13311121 1231 11611- 1261, 262

2111163, 131 ’206 201

’ᾖ 35’ 79 83¹ 199 12211 166 ,113, 263 903
A ¹ 36136 31 123 133¹ 11311- 1262Ι 9
131 3611 -’11’61 - ,216 26

Asi* 32 1112636 131 1631

40 39183 126 132¹ 169

1,20’6’

41 40184 ’881127 1331170199 2181-

12 11361321126 131’111;163 211 -
13 13136161

 

126 ,136 1112 11661216 1262

